image: big_environment.pgm
resolution: 1.000000
origin: [-22.000000, -51.000000, -nan]
negate: 0
occupied_thresh: 0.65
free_thresh: 0.196

